SSE:  8.13333333333
SSE:  44.2
SSE:  67.5333333333
